timeDiff,x_root
0.0,-10.0
0.0,-9.9
0.0,-9.8
0.0,-9.7
0.0,-9.6
0.0,-9.5
0.0,-9.4
0.0,-9.3
0.0,-9.2
0.0,-9.1
0.0,-9.0
0.0,-8.9
0.0,-8.8
0.0,-8.7
0.0,-8.6
0.0,-8.5
0.0,-8.4
0.0,-8.3
0.0,-8.2
0.0,-8.1
0.0,-8.0
0.0,-7.9
0.0,-7.8
0.0,-7.699999999999999
0.0,-7.6
0.0,-7.5
0.0,-7.4
0.0,-7.3
0.0,-7.199999999999999
0.0,-7.1
0.0,-7.0
1.0,-6.9
0.0,-6.8
1.0,-6.699999999999999
0.0,-6.6
0.0,-6.5
0.0,-6.4
0.0,-6.3
0.0,-6.199999999999999
0.0,-6.1
0.0,-6.0
1.0,-5.8999999999999995
0.0,-5.8
0.0,-5.7
0.0,-5.6
1.0,-5.5
1.0,-5.3999999999999995
0.0,-5.3
0.0,-5.199999999999999
1.0,-5.1
0.0,-5.0
0.0,-4.8999999999999995
0.0,-4.8
0.0,-4.699999999999999
1.0,-4.6
0.0,-4.5
0.0,-4.3999999999999995
1.0,-4.3
0.0,-4.199999999999999
1.0,-4.1
2.0,-4.0
2.0,-3.8999999999999995
1.0,-3.8
1.0,-3.6999999999999993
0.0,-3.5999999999999996
3.0,-3.5
1.0,-3.3999999999999995
2.0,-3.3
7.0,-3.1999999999999993
4.0,-3.0999999999999996
9.0,-3.0
2.0,-2.8999999999999995
4.0,-2.8
7.0,-2.6999999999999993
9.0,-2.5999999999999996
11.0,-2.5
4.0,-2.3999999999999995
15.0,-2.3
21.0,-2.1999999999999993
25.0,-2.0999999999999996
29.0,-2.0
40.0,-1.9000000000000004
72.0,-1.799999999999999
115.0,-1.6999999999999993
198.0,-1.5999999999999996
290.0,-1.5
441.0,-1.4000000000000004
636.0,-1.299999999999999
917.0,-1.1999999999999993
1171.0,-1.0999999999999996
1584.0,-1.0
1850.0,-0.9000000000000004
2089.0,-0.7999999999999989
2273.0,-0.6999999999999993
2425.0,-0.5999999999999996
2495.0,-0.5
2607.0,-0.3999999999999986
2672.0,-0.29999999999999893
2673.0,-0.1999999999999993
2633.0,-0.09999999999999964
2705.0,0.0
2627.0,0.10000000000000142
2619.0,0.20000000000000107
2664.0,0.3000000000000007
2742.0,0.40000000000000036
2646.0,0.5
2657.0,0.6000000000000014
2517.0,0.7000000000000011
2327.0,0.8000000000000007
2229.0,0.9000000000000004
1834.0,1.0
1544.0,1.1000000000000014
1199.0,1.200000000000001
937.0,1.3000000000000007
658.0,1.4000000000000004
443.0,1.5
270.0,1.6000000000000014
186.0,1.700000000000001
123.0,1.8000000000000007
78.0,1.9000000000000004
46.0,2.0
33.0,2.1000000000000014
20.0,2.200000000000001
15.0,2.3000000000000007
15.0,2.4000000000000004
10.0,2.5
8.0,2.6000000000000014
9.0,2.700000000000001
11.0,2.8000000000000007
4.0,2.9000000000000004
7.0,3.0
5.0,3.1000000000000014
2.0,3.200000000000001
8.0,3.3000000000000007
3.0,3.4000000000000004
1.0,3.5
2.0,3.6000000000000014
3.0,3.700000000000001
0.0,3.8000000000000007
5.0,3.9000000000000004
3.0,4.0
0.0,4.100000000000001
0.0,4.200000000000001
2.0,4.300000000000001
1.0,4.4
1.0,4.5
1.0,4.600000000000001
1.0,4.700000000000001
0.0,4.800000000000001
0.0,4.9
1.0,5.0
0.0,5.100000000000001
0.0,5.200000000000001
0.0,5.300000000000001
0.0,5.4
0.0,5.5
0.0,5.600000000000001
0.0,5.700000000000001
0.0,5.800000000000001
0.0,5.9
1.0,6.0
0.0,6.100000000000001
0.0,6.199999999999999
0.0,6.300000000000001
0.0,6.400000000000002
0.0,6.5
0.0,6.600000000000001
0.0,6.699999999999999
0.0,6.800000000000001
0.0,6.900000000000002
0.0,7.0
0.0,7.100000000000001
0.0,7.199999999999999
0.0,7.300000000000001
0.0,7.400000000000002
1.0,7.5
0.0,7.600000000000001
0.0,7.699999999999999
0.0,7.800000000000001
0.0,7.900000000000002
0.0,8.0
0.0,8.100000000000001
0.0,8.2
0.0,8.3
0.0,8.400000000000002
0.0,8.5
0.0,8.600000000000001
0.0,8.7
0.0,8.8
0.0,8.900000000000002
0.0,9.0
0.0,9.100000000000001
0.0,9.200000000000003
0.0,9.3
0.0,9.400000000000002
0.0,9.5
0.0,9.600000000000001
0.0,9.700000000000003
0.0,9.8
0.0,9.900000000000002
